particle15_02=0.66280
particle15_00=0.78960
particle15_01=0.40960
particle15_04=0.52880
particle15_03=0.65040
particle15_05=0.77400
particle15_07=0.54100
particle15_08=0.76440
particle15_06=0.81020
particle15_09=0.79420
particle15_11=0.77220
particle15_10=0.75760
particle15_13=0.59100
particle15_14=0.77280
particle15_12=0.76040
particle15_15=0.34460
particle15_17=0.72720
particle15_16=0.80440
particle15_18=0.76760
particle15_19=0.61700
