particle04_01=0.54060
particle04_02=0.80520
particle04_00=0.80720
particle04_03=0.59560
particle04_05=0.58840
particle04_04=0.66100
particle04_08=0.70140
particle04_07=0.72720
particle04_06=0.79240
particle04_09=0.73340
particle04_10=0.74060
particle04_11=0.77560
particle04_13=0.69100
particle04_12=0.66320
particle04_14=0.77880
particle04_15=0.31500
particle04_16=0.71840
particle04_17=0.72560
particle04_19=0.78100
particle04_18=0.80360
