particle13_00=0.71360
particle13_02=0.73840
particle13_01=0.76100
particle13_05=0.78980
particle13_03=0.77800
particle13_04=0.80280
particle13_08=0.77140
particle13_06=0.76860
particle13_07=0.77320
particle13_09=0.54860
particle13_11=0.65820
particle13_10=0.73640
particle13_14=0.79240
particle13_13=0.79260
particle13_12=0.73800
particle13_15=0.32740
particle13_16=0.78460
particle13_17=0.71960
particle13_19=0.80780
particle13_18=0.77920
