particle10_02=0.63580
particle10_01=0.80040
particle10_00=0.78740
particle10_03=0.79580
particle10_04=0.69880
particle10_05=0.80900
particle10_06=0.43240
particle10_08=0.73040
particle10_07=0.77760
particle10_11=0.62240
particle10_09=0.75580
particle10_10=0.70800
particle10_13=0.78780
particle10_14=0.79860
particle10_12=0.80020
particle10_15=0.33800
particle10_17=0.71180
particle10_16=0.76000
particle10_18=0.78620
particle10_19=0.78060
