particle-1_00=0.94790
particle-1_01=0.96130
particle-1_02=0.96690
