particle03_02=0.76140
particle03_01=0.73480
particle03_00=0.78540
particle03_05=0.74620
particle03_04=0.69420
particle03_03=0.73460
particle03_08=0.74660
particle03_07=0.72500
particle03_06=0.76500
particle03_09=0.68560
particle03_10=0.68520
particle03_11=0.71560
particle03_14=0.58100
particle03_13=0.57640
particle03_12=0.58540
particle03_15=0.43180
particle03_17=0.57580
particle03_16=0.61220
particle03_19=0.70440
particle03_18=0.75240
