particle01_02=0.57680
particle01_03=0.65020
particle01_01=0.75540
particle01_00=0.75680
particle01_05=0.58100
particle01_04=0.61440
particle01_07=0.72060
particle01_06=0.67740
particle01_10=0.75260
particle01_08=0.63460
particle01_09=0.71780
particle01_11=0.68700
particle01_13=0.41620
particle01_15=0.53200
particle01_12=0.70320
particle01_14=0.73840
particle01_17=0.57300
particle01_19=0.59500
particle01_18=0.70640
particle01_16=0.74040
