particle00_01=0.53200
particle00_00=0.70860
particle00_02=0.68580
particle00_05=0.61260
particle00_03=0.71520
particle00_04=0.67420
particle00_06=0.69300
particle00_07=0.60400
particle00_08=0.69480
particle00_09=0.74980
particle00_10=0.73800
particle00_11=0.68980
particle00_14=0.71260
particle00_13=0.66100
particle00_12=0.71560
particle00_15=0.51160
particle00_16=0.55120
particle00_17=0.72200
particle00_18=0.67620
particle00_19=0.70660
