particle17_02=0.61180
particle17_01=0.77420
particle17_00=0.75300
particle17_04=0.76920
particle17_03=0.78460
particle17_05=0.68100
particle17_08=0.79500
particle17_06=0.73900
particle17_07=0.78000
particle17_10=0.75680
particle17_09=0.80580
particle17_11=0.74120
particle17_14=0.78760
particle17_13=0.79460
particle17_12=0.77560
particle17_15=0.34840
particle17_16=0.78240
particle17_17=0.74220
particle17_18=0.68340
particle17_19=0.80320
