particle18_02=0.71860
particle18_01=0.74780
particle18_00=0.76800
particle18_03=0.79360
particle18_05=0.77920
particle18_04=0.79500
particle18_08=0.80780
particle18_06=0.74480
particle18_07=0.66520
particle18_11=0.79760
particle18_09=0.79080
particle18_10=0.78000
particle18_14=0.62280
particle18_13=0.70700
particle18_12=0.80680
particle18_15=0.31500
particle18_16=0.78740
particle18_17=0.80660
particle18_19=0.77560
particle18_18=0.67760
