particle09_00=0.78360
particle09_01=0.76560
particle09_02=0.77880
particle09_04=0.55740
particle09_03=0.76560
particle09_05=0.78640
particle09_08=0.79200
particle09_06=0.76340
particle09_07=0.76520
particle09_09=0.77440
particle09_10=0.80140
particle09_11=0.79160
particle09_14=0.51280
particle09_13=0.55360
particle09_12=0.78780
particle09_15=0.32980
particle09_17=0.75360
particle09_16=0.78920
particle09_18=0.80060
particle09_19=0.78680
