particle07_02=0.77480
particle07_00=0.67800
particle07_01=0.78740
particle07_04=0.66360
particle07_03=0.73680
particle07_05=0.77140
particle07_08=0.75280
particle07_07=0.77840
particle07_06=0.79500
particle07_09=0.74400
particle07_11=0.78120
particle07_10=0.79820
particle07_13=0.68520
particle07_14=0.65580
particle07_12=0.78460
particle07_15=0.34200
particle07_17=0.75380
particle07_16=0.74400
particle07_18=0.79820
particle07_19=0.79080
