particle19_02=0.70540
particle19_01=0.72400
particle19_00=0.75540
particle19_03=0.78340
particle19_05=0.77440
particle19_04=0.70500
particle19_08=0.79300
particle19_06=0.78300
particle19_07=0.79420
particle19_10=0.70420
particle19_11=0.71820
particle19_09=0.64580
particle19_12=0.62340
particle19_13=0.76660
particle19_14=0.77500
particle19_15=0.34160
particle19_17=0.55280
particle19_16=0.78260
particle19_18=0.79080
particle19_19=0.74680
