particle06_02=0.75800
particle06_01=0.75700
particle06_00=0.78960
particle06_03=0.57500
particle06_04=0.67320
particle06_05=0.73040
particle06_08=0.71020
particle06_07=0.77620
particle06_06=0.79320
particle06_09=0.71560
particle06_11=0.74220
particle06_10=0.78440
particle06_14=0.76720
particle06_13=0.74360
particle06_12=0.78380
particle06_15=0.31540
particle06_16=0.72360
particle06_17=0.67000
particle06_18=0.78640
particle06_19=0.79240
