particle08_01=0.75940
particle08_00=0.77980
particle08_02=0.76200
particle08_04=0.68000
particle08_03=0.76680
particle08_05=0.79880
particle08_08=0.77860
particle08_07=0.76980
particle08_06=0.79360
particle08_09=0.73780
particle08_10=0.79420
particle08_11=0.79020
particle08_13=0.68440
particle08_14=0.68220
particle08_12=0.80020
particle08_15=0.32700
particle08_17=0.72840
particle08_16=0.78340
particle08_18=0.77960
particle08_19=0.76080
