particle16_01=0.77680
particle16_02=0.74140
particle16_00=0.77540
particle16_04=0.72600
particle16_03=0.75620
particle16_05=0.70800
particle16_08=0.78960
particle16_06=0.79300
particle16_07=0.78140
particle16_09=0.75080
particle16_11=0.69480
particle16_10=0.61200
particle16_13=0.80100
particle16_14=0.77520
particle16_12=0.80620
particle16_15=0.34720
particle16_17=0.77440
particle16_16=0.81080
particle16_19=0.76800
particle16_18=0.73220
