particle12_00=0.32680
particle12_02=0.70740
particle12_01=0.78100
particle12_03=0.78080
particle12_04=0.80380
particle12_05=0.77140
particle12_07=0.31420
particle12_08=0.71940
particle12_06=0.79040
particle12_09=0.68840
particle12_11=0.69680
particle12_10=0.69780
particle12_14=0.80040
particle12_13=0.80800
particle12_12=0.71420
particle12_15=0.32380
particle12_17=0.74260
particle12_16=0.77000
particle12_18=0.81180
particle12_19=0.77140
