particle14_00=0.77920
particle14_01=0.76140
particle14_02=0.77940
particle14_03=0.75620
particle14_05=0.71760
particle14_04=0.79380
particle14_08=0.72340
particle14_07=0.77120
particle14_06=0.73080
particle14_10=0.50240
particle14_09=0.76360
particle14_11=0.33580
particle14_14=0.44580
particle14_13=0.80100
particle14_12=0.71620
particle14_17=0.63200
particle14_15=0.32500
particle14_16=0.79580
particle14_19=0.79920
particle14_18=0.77900
