particle05_02=0.76540
particle05_01=0.75360
particle05_00=0.82240
particle05_05=0.44120
particle05_04=0.68180
particle05_03=0.71980
particle05_08=0.75900
particle05_07=0.75760
particle05_06=0.79240
particle05_09=0.75040
particle05_10=0.76300
particle05_11=0.81620
particle05_13=0.54820
particle05_14=0.60220
particle05_12=0.78140
particle05_17=0.70780
particle05_15=0.36400
particle05_16=0.69800
particle05_18=0.76640
particle05_19=0.78440
