particle11_01=0.72820
particle11_02=0.74800
particle11_00=0.78860
particle11_03=0.79260
particle11_04=0.78680
particle11_05=0.77120
particle11_08=0.75940
particle11_06=0.77340
particle11_07=0.78280
particle11_09=0.76540
particle11_10=0.79300
particle11_11=0.69900
particle11_14=0.70300
particle11_13=0.78720
particle11_12=0.79100
particle11_15=0.32060
particle11_17=0.37380
particle11_16=0.78780
particle11_18=0.79900
particle11_19=0.80100
