particle02_01=0.70320
particle02_00=0.71240
particle02_03=0.70240
particle02_02=0.68540
particle02_04=0.67540
particle02_05=0.71360
particle02_06=0.73020
particle02_07=0.46420
particle02_08=0.69100
particle02_09=0.71040
particle02_11=0.51060
particle02_12=0.73940
particle02_10=0.72880
particle02_15=0.34980
particle02_13=0.52860
particle02_14=0.77120
particle02_18=0.75180
particle02_16=0.70440
particle02_17=0.67840
particle02_19=0.65600
