particle00_01=0.00000
particle00_02=0.00000
particle00_03=0.00000
particle00_00=0.00000
