particle10_00=0.71280
particle10_01=0.75260
particle10_03=0.58360
particle10_02=0.25360
particle10_04=0.64360
particle10_05=0.71820
particle10_06=0.64660
particle10_07=0.75120
particle10_09=0.75300
particle10_08=0.74440
particle10_10=0.72460
particle10_11=0.75380
particle10_13=0.54600
particle10_12=0.75080
particle10_14=0.72060
particle10_15=0.74900
particle10_17=0.66840
particle10_16=0.74580
particle10_19=0.74260
particle10_18=0.74520
