particle02_00=0.55660
particle02_01=0.71980
particle02_02=0.47740
particle02_05=0.65120
particle02_04=0.67480
particle02_03=0.57460
particle02_08=0.60040
particle02_07=0.70020
particle02_06=0.61520
particle02_11=0.65740
particle02_10=0.65640
particle02_09=0.71460
particle02_14=0.73200
particle02_13=0.66640
particle02_12=0.67020
particle02_16=0.66760
particle02_17=0.72140
particle02_15=0.68560
particle02_18=0.67360
particle02_19=0.64060
