particle18_01=0.75200
particle18_00=0.78660
particle18_02=0.53200
particle18_03=0.64420
particle18_04=0.67580
particle18_05=0.72720
particle18_07=0.57600
particle18_06=0.67300
particle18_09=0.58040
particle18_08=0.73180
particle18_10=0.74600
particle18_11=0.66520
particle18_12=0.43720
particle18_13=0.65960
particle18_15=0.59880
particle18_14=0.74520
particle18_17=0.71900
particle18_16=0.73640
particle18_18=0.57760
particle18_19=0.70340
