particle11_00=0.68280
particle11_01=0.71700
particle11_02=0.43520
particle11_03=0.72140
particle11_04=0.66260
particle11_05=0.75520
particle11_06=0.44600
particle11_07=0.51340
particle11_08=0.76420
particle11_09=0.73200
particle11_10=0.77520
particle11_11=0.77000
particle11_13=0.77120
particle11_12=0.74520
particle11_14=0.71240
particle11_15=0.73120
particle11_16=0.43900
particle11_17=0.60860
particle11_19=0.75600
particle11_18=0.74300
