particle03_01=0.48620
particle03_00=0.66020
particle03_02=0.51480
particle03_04=0.53040
particle03_05=0.67740
particle03_03=0.68920
particle03_06=0.59600
particle03_07=0.73020
particle03_08=0.66600
particle03_10=0.59180
particle03_09=0.68520
particle03_11=0.69000
particle03_13=0.58140
particle03_14=0.70380
particle03_12=0.72920
particle03_15=0.70760
particle03_17=0.64380
particle03_16=0.69420
particle03_18=0.69040
particle03_19=0.62360
