particle01_02=0.43920
particle01_00=0.60240
particle01_01=0.66040
particle01_03=0.50860
particle01_05=0.64020
particle01_04=0.64980
particle01_08=0.55260
particle01_07=0.64760
particle01_06=0.55380
particle01_09=0.63060
particle01_10=0.69540
particle01_11=0.71180
particle01_14=0.54300
particle01_13=0.65240
particle01_12=0.66500
particle01_15=0.62700
particle01_16=0.65220
particle01_17=0.73200
particle01_19=0.61720
particle01_18=0.62140
