particle14_01=0.75500
particle14_00=0.73600
particle14_02=0.49460
particle14_03=0.66980
particle14_04=0.75180
particle14_05=0.74220
particle14_06=0.70240
particle14_07=0.72180
particle14_08=0.76180
particle14_09=0.75000
particle14_10=0.75340
particle14_11=0.74860
particle14_12=0.53820
particle14_13=0.73360
particle14_14=0.61360
particle14_15=0.75940
particle14_17=0.72260
particle14_16=0.70120
particle14_18=0.61420
particle14_19=0.74700
