particle16_01=0.72320
particle16_00=0.72920
particle16_02=0.55560
particle16_03=0.69100
particle16_04=0.75360
particle16_05=0.70060
particle16_06=0.70400
particle16_07=0.75740
particle16_08=0.75960
particle16_09=0.63580
particle16_10=0.74240
particle16_11=0.62300
particle16_12=0.49220
particle16_13=0.70980
particle16_14=0.74100
particle16_15=0.68900
particle16_17=0.58200
particle16_16=0.67620
particle16_18=0.68520
particle16_19=0.75380
