particle07_00=0.72740
particle07_01=0.76420
particle07_02=0.39060
particle07_03=0.70880
particle07_04=0.54700
particle07_05=0.71780
particle07_06=0.64100
particle07_07=0.74720
particle07_08=0.71740
particle07_09=0.75120
particle07_10=0.69020
particle07_11=0.76220
particle07_13=0.72580
particle07_12=0.74640
particle07_14=0.69980
particle07_15=0.73480
particle07_17=0.72860
particle07_16=0.75820
particle07_18=0.75260
particle07_19=0.64520
