particle08_00=0.74040
particle08_01=0.75500
particle08_03=0.67980
particle08_02=0.48980
particle08_05=0.66360
particle08_04=0.64080
particle08_06=0.65160
particle08_07=0.70620
particle08_08=0.70120
particle08_09=0.73800
particle08_10=0.68220
particle08_11=0.75180
particle08_13=0.75660
particle08_12=0.71860
particle08_14=0.71340
particle08_15=0.48160
particle08_17=0.64160
particle08_16=0.75920
particle08_19=0.61640
particle08_18=0.73160
