particle12_00=0.57160
particle12_01=0.66540
particle12_02=0.48660
particle12_03=0.64280
particle12_04=0.58020
particle12_05=0.70060
particle12_06=0.45640
particle12_07=0.67540
particle12_09=0.60900
particle12_08=0.73840
particle12_10=0.76240
particle12_11=0.72280
particle12_12=0.52580
particle12_13=0.73800
particle12_14=0.73040
particle12_15=0.66680
particle12_17=0.67160
particle12_16=0.73820
particle12_18=0.67420
particle12_19=0.75580
