particle05_02=0.39200
particle05_00=0.60240
particle05_01=0.71740
particle05_04=0.51160
particle05_03=0.70900
particle05_05=0.74540
particle05_08=0.70380
particle05_06=0.63100
particle05_07=0.71800
particle05_10=0.59120
particle05_09=0.72800
particle05_11=0.71640
particle05_14=0.71300
particle05_12=0.71380
particle05_13=0.70720
particle05_15=0.69360
particle05_17=0.69340
particle05_16=0.75000
particle05_18=0.72420
particle05_19=0.67020
