particle00_00=0.50620
particle00_02=0.30300
particle00_01=0.62160
particle00_05=0.59320
particle00_03=0.57460
particle00_04=0.67900
particle00_07=0.50340
particle00_06=0.46380
particle00_08=0.62220
particle00_11=0.59300
particle00_09=0.61560
particle00_10=0.62680
particle00_13=0.61020
particle00_12=0.51580
particle00_14=0.63360
particle00_15=0.61040
particle00_16=0.63800
particle00_17=0.66140
particle00_18=0.48160
particle00_19=0.58700
