particle09_00=0.69520
particle09_01=0.74280
particle09_02=0.32040
particle09_03=0.71480
particle09_04=0.60800
particle09_05=0.67180
particle09_07=0.48920
particle09_06=0.64580
particle09_08=0.66460
particle09_09=0.71780
particle09_10=0.70640
particle09_11=0.76580
particle09_12=0.65840
particle09_13=0.71940
particle09_14=0.72700
particle09_15=0.71780
particle09_17=0.67840
particle09_16=0.74080
particle09_19=0.69580
particle09_18=0.64880
