particle13_00=0.76820
particle13_01=0.77080
particle13_02=0.22660
particle13_03=0.70260
particle13_05=0.43520
particle13_04=0.70240
particle13_06=0.67320
particle13_07=0.71900
particle13_08=0.73540
particle13_09=0.75940
particle13_11=0.72900
particle13_10=0.75760
particle13_12=0.52580
particle13_13=0.72540
particle13_14=0.62140
particle13_15=0.64560
particle13_16=0.58080
particle13_17=0.72800
particle13_18=0.71300
particle13_19=0.72760
