particle15_00=0.75000
particle15_01=0.76380
particle15_02=0.45560
particle15_03=0.48980
particle15_05=0.55780
particle15_04=0.74740
particle15_07=0.63760
particle15_06=0.74240
particle15_08=0.71040
particle15_09=0.75060
particle15_10=0.37000
particle15_11=0.76720
particle15_12=0.60920
particle15_13=0.67040
particle15_14=0.57200
particle15_15=0.70300
particle15_17=0.71480
particle15_16=0.69760
particle15_18=0.62900
particle15_19=0.75540
