particle19_00=0.71920
particle19_01=0.74840
particle19_02=0.50880
particle19_03=0.77680
particle19_05=0.72320
particle19_04=0.75960
particle19_07=0.58740
particle19_06=0.66580
particle19_08=0.73920
particle19_09=0.74480
particle19_10=0.69240
particle19_11=0.73780
particle19_12=0.71560
particle19_13=0.74400
particle19_15=0.51040
particle19_14=0.73660
particle19_17=0.69360
particle19_16=0.74320
particle19_19=0.68680
particle19_18=0.71880
