particle17_01=0.75780
particle17_00=0.73960
particle17_02=0.50800
particle17_03=0.62900
particle17_05=0.76860
particle17_04=0.74880
particle17_07=0.65140
particle17_06=0.76000
particle17_09=0.54940
particle17_08=0.66740
particle17_11=0.73320
particle17_10=0.72700
particle17_12=0.63960
particle17_13=0.71520
particle17_15=0.71520
particle17_14=0.74920
particle17_17=0.69160
particle17_16=0.66600
particle17_18=0.73980
particle17_19=0.73200
