particle04_02=0.44240
particle04_01=0.73020
particle04_00=0.66100
particle04_05=0.68220
particle04_03=0.70040
particle04_04=0.66040
particle04_07=0.66220
particle04_06=0.61280
particle04_08=0.65940
particle04_09=0.62380
particle04_10=0.60140
particle04_11=0.54780
particle04_13=0.51440
particle04_14=0.73020
particle04_12=0.75400
particle04_16=0.66680
particle04_17=0.58560
particle04_15=0.74900
particle04_19=0.64440
particle04_18=0.70700
