particle06_02=0.23400
particle06_00=0.61780
particle06_01=0.75840
particle06_04=0.25420
particle06_03=0.64000
particle06_05=0.74040
particle06_06=0.50620
particle06_07=0.73540
particle06_08=0.67720
particle06_10=0.64640
particle06_09=0.70340
particle06_11=0.75100
particle06_14=0.66280
particle06_13=0.67380
particle06_12=0.67000
particle06_17=0.69560
particle06_15=0.74960
particle06_16=0.73080
particle06_19=0.73700
particle06_18=0.71960
