particle08_03=0.26820
particle08_02=0.21360
particle08_01=0.34620
particle08_00=0.24980
particle08_06=0.36900
particle08_07=0.17080
particle08_04=0.31900
particle08_05=0.31640
particle08_09=0.36420
particle08_08=0.34960
particle08_10=0.33160
particle08_11=0.34140
particle08_14=0.30920
particle08_12=0.40380
particle08_13=0.37580
particle08_15=0.28400
particle08_18=0.31160
particle08_17=0.26180
particle08_19=0.30660
particle08_16=0.35140
