particle18_00=0.10580
particle18_01=0.09480
particle18_03=0.18440
particle18_02=0.33740
particle18_06=0.34320
particle18_05=0.32120
particle18_04=0.27400
particle18_07=0.39820
particle18_10=0.41620
particle18_08=0.41160
particle18_09=0.39660
particle18_11=0.31700
particle18_14=0.29040
particle18_13=0.31200
particle18_12=0.41080
particle18_15=0.35520
particle18_18=0.33740
particle18_16=0.37320
particle18_17=0.41420
particle18_19=0.24820
