particle15_02=0.33540
particle15_03=0.21080
particle15_01=0.11960
particle15_00=0.25520
particle15_06=0.35040
particle15_05=0.29700
particle15_04=0.39720
particle15_07=0.13200
particle15_08=0.28860
particle15_10=0.25320
particle15_11=0.32160
particle15_09=0.34960
particle15_15=0.06800
particle15_13=0.29800
particle15_14=0.33620
particle15_12=0.35180
particle15_18=0.37340
particle15_16=0.29560
particle15_17=0.37820
particle15_19=0.35580
