particle03_01=0.17980
particle03_03=0.13700
particle03_02=0.27440
particle03_00=0.21440
particle03_04=0.37240
particle03_05=0.40460
particle03_07=0.16500
particle03_06=0.22560
particle03_08=0.07000
particle03_10=0.34300
particle03_09=0.30220
particle03_11=0.18600
particle03_13=0.38860
particle03_12=0.37020
particle03_14=0.36980
particle03_15=0.26200
particle03_18=0.23440
particle03_16=0.28500
particle03_19=0.26980
particle03_17=0.25000
