particle06_03=0.12020
particle06_02=0.17520
particle06_00=0.33260
particle06_01=0.32840
particle06_06=0.24320
particle06_05=0.35660
particle06_04=0.40220
particle06_07=0.30480
particle06_10=0.33700
particle06_09=0.35280
particle06_08=0.44540
particle06_11=0.30880
particle06_14=0.34980
particle06_13=0.37360
particle06_12=0.24880
particle06_15=0.39740
particle06_18=0.12440
particle06_17=0.24920
particle06_16=0.31960
particle06_19=0.26540
