particle10_03=0.20740
particle10_02=0.34360
particle10_01=0.39640
particle10_00=0.36320
particle10_04=0.32100
particle10_06=0.33540
particle10_05=0.23600
particle10_07=0.36900
particle10_09=0.37140
particle10_11=0.32400
particle10_10=0.42180
particle10_08=0.35980
particle10_12=0.36400
particle10_14=0.12960
particle10_15=0.35660
particle10_13=0.30460
particle10_18=0.37060
particle10_16=0.22380
particle10_17=0.36400
particle10_19=0.36020
