particle04_03=0.25420
particle04_01=0.40600
particle04_00=0.34100
particle04_02=0.17600
particle04_05=0.02920
particle04_06=0.26720
particle04_07=0.25820
particle04_04=0.19980
particle04_08=0.22540
particle04_10=0.39980
particle04_11=0.39420
particle04_09=0.26240
particle04_13=0.43180
particle04_14=0.27480
particle04_12=0.39540
particle04_15=0.26660
particle04_16=0.37140
particle04_19=0.36160
particle04_18=0.41700
particle04_17=0.29140
