particle05_03=0.28000
particle05_02=0.19540
particle05_00=0.23900
particle05_01=0.34760
particle05_06=0.29080
particle05_05=0.41680
particle05_07=0.37400
particle05_04=0.25640
particle05_09=0.37480
particle05_10=0.36920
particle05_08=0.36400
particle05_11=0.25600
particle05_13=0.38520
particle05_14=0.20720
particle05_15=0.08620
particle05_12=0.24440
particle05_16=0.36420
particle05_18=0.34520
particle05_19=0.32640
particle05_17=0.26720
