particle12_03=0.28760
particle12_01=0.30500
particle12_02=0.34800
particle12_00=0.24600
particle12_05=0.27460
particle12_06=0.37180
particle12_04=0.20020
particle12_07=0.34700
particle12_09=0.35160
particle12_10=0.37840
particle12_08=0.35260
particle12_11=0.32360
particle12_14=0.28840
particle12_12=0.35740
particle12_13=0.35140
particle12_15=0.22700
particle12_18=0.13420
particle12_16=0.27120
particle12_17=0.06980
particle12_19=0.36980
