particle07_00=0.18700
particle07_03=0.26260
particle07_01=0.33180
particle07_02=0.21120
particle07_04=0.38040
particle07_06=0.34400
particle07_05=0.28120
particle07_07=0.34340
particle07_09=0.30060
particle07_10=0.39100
particle07_08=0.35720
particle07_11=0.25680
particle07_13=0.15380
particle07_14=0.22980
particle07_12=0.30000
particle07_15=0.30940
particle07_17=0.09020
particle07_18=0.30360
particle07_16=0.35900
particle07_19=0.27800
