particle17_03=0.22860
particle17_02=0.28580
particle17_01=0.35660
particle17_00=0.26040
particle17_05=0.35460
particle17_06=0.32620
particle17_07=0.25720
particle17_04=0.38460
particle17_10=0.31840
particle17_08=0.25740
particle17_09=0.36940
particle17_11=0.42740
particle17_14=0.21060
particle17_12=0.35140
particle17_13=0.29020
particle17_15=0.35220
particle17_16=0.41680
particle17_18=0.35760
particle17_17=0.25020
particle17_19=0.34900
