particle01_03=0.20560
particle01_01=0.40440
particle01_00=0.37000
particle01_02=0.35680
particle01_06=0.16500
particle01_04=0.34860
particle01_07=0.37000
particle01_05=0.27640
particle01_10=0.29800
particle01_11=0.26160
particle01_09=0.28680
particle01_08=0.28920
particle01_15=0.36360
particle01_13=0.29000
particle01_14=0.33780
particle01_12=0.38740
particle01_19=0.34460
particle01_16=0.33280
particle01_18=0.31260
particle01_17=0.30520
