particle11_01=0.18240
particle11_03=0.33340
particle11_00=0.40900
particle11_02=0.36840
particle11_06=0.34740
particle11_05=0.34120
particle11_04=0.34300
particle11_07=0.37400
particle11_10=0.24540
particle11_08=0.14040
particle11_09=0.28020
particle11_11=0.28320
particle11_13=0.36260
particle11_12=0.38560
particle11_14=0.22360
particle11_15=0.17640
particle11_18=0.12280
particle11_17=0.35040
particle11_16=0.23840
particle11_19=0.37200
