particle00_03=0.21820
particle00_01=0.31840
particle00_00=0.22880
particle00_02=0.29080
particle00_06=0.15820
particle00_07=0.28360
particle00_04=0.29540
particle00_05=0.27160
particle00_09=0.27680
particle00_10=0.17160
particle00_11=0.18480
particle00_08=0.28920
particle00_13=0.06340
particle00_15=0.33540
particle00_14=0.32860
particle00_12=0.27060
particle00_19=0.28560
particle00_17=0.22100
particle00_18=0.30280
particle00_16=0.39120
