particle02_02=0.15860
particle02_01=0.36940
particle02_00=0.30960
particle02_06=0.31560
particle02_03=0.22680
particle02_04=0.36960
particle02_05=0.40180
particle02_10=0.16800
particle02_09=0.17340
particle02_08=0.32440
particle02_07=0.23520
particle02_12=0.17760
particle02_13=0.35160
particle02_14=0.26920
particle02_11=0.34200
particle02_17=0.28420
particle02_15=0.28300
particle02_16=0.37660
particle02_18=0.39280
particle02_19=0.34000
