particle14_03=0.03980
particle14_02=0.32200
particle14_01=0.27480
particle14_00=0.33620
particle14_06=0.35100
particle14_07=0.36240
particle14_05=0.36540
particle14_04=0.32800
particle14_09=0.29940
particle14_08=0.39900
particle14_10=0.31900
particle14_11=0.29720
particle14_14=0.30880
particle14_13=0.30180
particle14_15=0.33100
particle14_12=0.37140
particle14_18=0.37840
particle14_16=0.30800
particle14_17=0.26440
particle14_19=0.15120
