particle09_02=0.04180
particle09_03=0.24460
particle09_00=0.25780
particle09_01=0.36840
particle09_05=0.37760
particle09_06=0.39180
particle09_04=0.30160
particle09_07=0.20820
particle09_09=0.38780
particle09_10=0.21880
particle09_11=0.36940
particle09_08=0.36400
particle09_14=0.28720
particle09_12=0.37740
particle09_13=0.39480
particle09_15=0.37200
particle09_19=0.03780
particle09_17=0.36760
particle09_18=0.40580
particle09_16=0.27640
