particle16_02=0.31740
particle16_03=0.26920
particle16_01=0.31060
particle16_00=0.25740
particle16_05=0.24260
particle16_06=0.35680
particle16_04=0.46120
particle16_07=0.30860
particle16_10=0.36020
particle16_08=0.36500
particle16_09=0.31640
particle16_11=0.27360
particle16_13=0.42160
particle16_14=0.35280
particle16_12=0.30200
particle16_15=0.22300
particle16_17=0.40540
particle16_18=0.38480
particle16_16=0.13680
particle16_19=0.36480
