particle19_03=0.19800
particle19_02=0.35580
particle19_00=0.27560
particle19_01=0.19060
particle19_06=0.35200
particle19_05=0.34420
particle19_07=0.30360
particle19_04=0.29020
particle19_08=0.40480
particle19_10=0.34320
particle19_09=0.30000
particle19_11=0.33840
particle19_14=0.32680
particle19_13=0.38040
particle19_15=0.35300
particle19_12=0.36200
particle19_18=0.03740
particle19_16=0.33200
particle19_17=0.43340
particle19_19=0.41440
