particle13_03=0.19720
particle13_02=0.25720
particle13_01=0.38940
particle13_00=0.36580
particle13_05=0.30440
particle13_06=0.27660
particle13_07=0.16780
particle13_04=0.33080
particle13_08=0.38780
particle13_09=0.34040
particle13_10=0.39500
particle13_11=0.32080
particle13_14=0.36340
particle13_13=0.40580
particle13_12=0.37800
particle13_15=0.37720
particle13_17=0.35380
particle13_16=0.23900
particle13_18=0.29960
particle13_19=0.38420
