particle11_01=0.15880
particle11_00=0.17640
particle11_02=0.19360
particle11_03=0.32960
particle11_05=0.19500
particle11_04=0.31680
particle11_06=0.23100
particle11_07=0.32000
particle11_09=0.31780
particle11_08=0.36880
particle11_11=0.14240
particle11_10=0.23620
particle11_12=0.28840
particle11_13=0.19100
particle11_14=0.23160
particle11_15=0.32160
particle11_17=0.29940
particle11_16=0.22400
particle11_19=0.32560
particle11_18=0.32320
