particle18_01=0.31840
particle18_00=0.15360
particle18_03=0.33240
particle18_02=0.20840
particle18_04=0.20060
particle18_05=0.07280
particle18_06=0.35920
particle18_07=0.22600
particle18_09=0.28540
particle18_08=0.26360
particle18_10=0.25380
particle18_11=0.21600
particle18_13=0.17960
particle18_12=0.31760
particle18_14=0.18460
particle18_15=0.28480
particle18_17=0.22840
particle18_16=0.32620
particle18_19=0.37360
particle18_18=0.21140
