particle09_00=0.36520
particle09_01=0.20740
particle09_03=0.31260
particle09_02=0.29880
particle09_04=0.31860
particle09_05=0.16040
particle09_06=0.31080
particle09_07=0.22200
particle09_08=0.21660
particle09_09=0.19720
particle09_10=0.30220
particle09_11=0.17200
particle09_13=0.25180
particle09_12=0.22180
particle09_14=0.27060
particle09_15=0.31840
particle09_17=0.27380
particle09_16=0.33560
particle09_19=0.30900
particle09_18=0.30340
