particle07_01=0.31440
particle07_00=0.13580
particle07_02=0.33160
particle07_03=0.25200
particle07_05=0.22500
particle07_04=0.29640
particle07_07=0.28380
particle07_06=0.29240
particle07_08=0.33240
particle07_09=0.31080
particle07_10=0.29480
particle07_11=0.29540
particle07_12=0.08220
particle07_13=0.35800
particle07_14=0.32420
particle07_15=0.35360
particle07_17=0.24800
particle07_16=0.21840
particle07_19=0.28580
particle07_18=0.27140
