particle13_00=0.26280
particle13_01=0.26020
particle13_03=0.14180
particle13_02=0.23100
particle13_05=0.03720
particle13_04=0.23360
particle13_06=0.16000
particle13_07=0.33960
particle13_08=0.30700
particle13_09=0.30960
particle13_10=0.25800
particle13_11=0.30240
particle13_13=0.24800
particle13_12=0.29460
particle13_15=0.28960
particle13_14=0.25580
particle13_17=0.25720
particle13_16=0.22400
particle13_19=0.12400
particle13_18=0.32940
