particle10_00=0.28860
particle10_01=0.22340
particle10_02=0.20280
particle10_03=0.34700
particle10_05=0.16380
particle10_04=0.29440
particle10_06=0.31180
particle10_07=0.32020
particle10_08=0.25260
particle10_09=0.28580
particle10_10=0.35320
particle10_11=0.32580
particle10_12=0.32440
particle10_13=0.31780
particle10_14=0.19960
particle10_15=0.27900
particle10_17=0.35660
particle10_16=0.33600
particle10_19=0.27360
particle10_18=0.24520
