particle06_01=0.04340
particle06_00=0.30500
particle06_03=0.32200
particle06_02=0.30620
particle06_04=0.30440
particle06_05=0.18020
particle06_07=0.24900
particle06_06=0.29660
particle06_09=0.34920
particle06_08=0.22080
particle06_10=0.28300
particle06_11=0.31360
particle06_12=0.18200
particle06_13=0.24400
particle06_14=0.22400
particle06_15=0.24420
particle06_17=0.30160
particle06_16=0.22320
particle06_18=0.31540
particle06_19=0.33080
