particle17_00=0.23080
particle17_01=0.31700
particle17_02=0.18380
particle17_03=0.29620
particle17_05=0.07200
particle17_04=0.27760
particle17_07=0.28020
particle17_06=0.22460
particle17_08=0.24880
particle17_09=0.36580
particle17_10=0.33080
particle17_11=0.10700
particle17_13=0.21460
particle17_12=0.26960
particle17_14=0.36400
particle17_15=0.30800
particle17_17=0.25960
particle17_16=0.20300
particle17_19=0.33180
particle17_18=0.31820
