particle-1_00=0.65990
particle-1_01=0.70250
particle-1_02=0.73600
