particle05_01=0.24260
particle05_00=0.32040
particle05_03=0.25260
particle05_02=0.35460
particle05_04=0.30600
particle05_05=0.17940
particle05_06=0.28340
particle05_07=0.20940
particle05_08=0.25120
particle05_10=0.27520
particle05_09=0.25700
particle05_11=0.21400
particle05_12=0.21080
particle05_13=0.26060
particle05_14=0.24520
particle05_16=0.29940
particle05_15=0.25580
particle05_18=0.33780
particle05_17=0.28160
particle05_19=0.28100
