particle12_00=0.27540
particle12_01=0.20380
particle12_02=0.22920
particle12_03=0.30940
particle12_05=0.06320
particle12_04=0.30820
particle12_07=0.32900
particle12_06=0.27620
particle12_09=0.38800
particle12_08=0.31640
particle12_10=0.31180
particle12_11=0.25220
particle12_12=0.22020
particle12_13=0.33760
particle12_15=0.20860
particle12_14=0.29600
particle12_17=0.32260
particle12_16=0.28760
particle12_18=0.29340
particle12_19=0.28560
