particle02_00=0.24320
particle02_01=0.28540
particle02_03=0.27660
particle02_02=0.33280
particle02_04=0.27120
particle02_05=0.15500
particle02_06=0.25600
particle02_07=0.30300
particle02_08=0.31940
particle02_09=0.28740
particle02_11=0.16840
particle02_10=0.30980
particle02_12=0.11000
particle02_13=0.25760
particle02_15=0.17500
particle02_14=0.12840
particle02_17=0.30060
particle02_16=0.33460
particle02_19=0.30500
particle02_18=0.31860
