particle15_00=0.34680
particle15_01=0.28340
particle15_03=0.29260
particle15_02=0.29660
particle15_05=0.06480
particle15_04=0.32840
particle15_06=0.34040
particle15_07=0.25980
particle15_09=0.19340
particle15_08=0.32320
particle15_10=0.27260
particle15_11=0.35860
particle15_13=0.32020
particle15_12=0.35420
particle15_15=0.28460
particle15_14=0.33840
particle15_16=0.31400
particle15_17=0.26020
particle15_18=0.34140
particle15_19=0.34860
