particle16_00=0.30980
particle16_01=0.30360
particle16_03=0.22220
particle16_02=0.16540
particle16_05=0.07280
particle16_04=0.35200
particle16_07=0.14640
particle16_06=0.31040
particle16_09=0.12060
particle16_08=0.27060
particle16_10=0.29580
particle16_11=0.19560
particle16_12=0.34660
particle16_13=0.36520
particle16_15=0.34080
particle16_14=0.31680
particle16_16=0.34400
particle16_17=0.16660
particle16_19=0.39000
particle16_18=0.28480
