particle08_01=0.36120
particle08_00=0.25880
particle08_03=0.24420
particle08_02=0.28620
particle08_05=0.15640
particle08_04=0.19300
particle08_07=0.30920
particle08_06=0.19040
particle08_09=0.30620
particle08_08=0.29140
particle08_10=0.30680
particle08_11=0.13680
particle08_13=0.31860
particle08_12=0.22680
particle08_14=0.27400
particle08_15=0.30860
particle08_17=0.36920
particle08_16=0.31100
particle08_18=0.33180
particle08_19=0.31040
