particle14_00=0.32200
particle14_01=0.38720
particle14_03=0.16480
particle14_02=0.29540
particle14_05=0.07340
particle14_04=0.34440
particle14_06=0.06180
particle14_07=0.33020
particle14_09=0.15420
particle14_08=0.17140
particle14_10=0.22820
particle14_11=0.32540
particle14_13=0.30100
particle14_12=0.21780
particle14_15=0.28320
particle14_14=0.25900
particle14_17=0.33160
particle14_16=0.32180
particle14_18=0.29480
particle14_19=0.29320
