particle19_00=0.33480
particle19_01=0.19640
particle19_02=0.35400
particle19_03=0.16460
particle19_05=0.07460
particle19_04=0.23360
particle19_06=0.28340
particle19_07=0.23580
particle19_09=0.34520
particle19_08=0.29540
particle19_10=0.11440
particle19_11=0.18780
particle19_13=0.09780
particle19_12=0.28820
particle19_15=0.26760
particle19_14=0.24960
particle19_16=0.31840
particle19_17=0.36820
particle19_19=0.35420
particle19_18=0.27140
