particle03_00=0.26020
particle03_01=0.25120
particle03_03=0.28620
particle03_02=0.34260
particle03_05=0.17900
particle03_04=0.26380
particle03_07=0.29600
particle03_06=0.29940
particle03_08=0.20140
particle03_09=0.25740
particle03_11=0.29320
particle03_10=0.30260
particle03_12=0.03300
particle03_13=0.13480
particle03_15=0.32200
particle03_14=0.21320
particle03_16=0.15880
particle03_17=0.28320
particle03_19=0.26200
particle03_18=0.26480
