particle01_00=0.27900
particle01_01=0.21640
particle01_03=0.32560
particle01_02=0.27120
particle01_04=0.27000
particle01_05=0.22900
particle01_07=0.31100
particle01_06=0.30820
particle01_09=0.31060
particle01_08=0.21940
particle01_11=0.26540
particle01_10=0.28640
particle01_13=0.24460
particle01_12=0.19020
particle01_14=0.09140
particle01_15=0.28460
particle01_16=0.31780
particle01_17=0.25840
particle01_19=0.25320
particle01_18=0.25960
