particle00_00=0.29660
particle00_01=0.28220
particle00_03=0.17360
particle00_02=0.34760
particle00_04=0.20420
particle00_05=0.21920
particle00_07=0.25280
particle00_06=0.13820
particle00_09=0.24260
particle00_08=0.24400
particle00_10=0.24080
particle00_11=0.27620
particle00_13=0.16460
particle00_12=0.19800
particle00_15=0.10800
particle00_14=0.17600
particle00_17=0.16400
particle00_16=0.09600
particle00_18=0.17660
particle00_19=0.23620
