particle04_00=0.19240
particle04_01=0.33420
particle04_02=0.26400
particle04_03=0.22860
particle04_05=0.18480
particle04_04=0.27660
particle04_07=0.29920
particle04_06=0.31360
particle04_08=0.33920
particle04_09=0.30040
particle04_10=0.19160
particle04_11=0.29880
particle04_13=0.29760
particle04_12=0.30060
particle04_14=0.32840
particle04_15=0.28960
particle04_16=0.31640
particle04_17=0.28840
particle04_18=0.03980
particle04_19=0.31380
